1111111111111111111111111111111111111111
1000000000000000010000000000000000000001
1000000000000000011111011111111111111111
1001111111111110000000000000000000000001
1001111111111110011111111111111111111001
1001100000000000000000000000000100001001
1001100000000000000000000000000100001001
1001100111111111111111111100000111111001
1001100100000011111111111100000100001001
1001100100000010000000000100100100001001
1001100100000000001111110100100000001001
1001100100000010001000000100100100001001
1001100101111110001011111100100100001001
1001100101000011001111111100100100000001
1001100101000010000000000100100111111001
1000000101000000000000000100100100000001
1000000101000010111111110000100000000001
1111111101000010100000000000100100000001
100000000100001010S000111100100111101111
1000000001000010100000100000100100000101
1001111111110110111111100100100100000101
1000000100000010000000000100100100000101
1000000100000011111111111100100100000101
1000000100000001000000000100100100000001
1000000100000001000000000100100111111101
1000000100001101111111100100100000000001
1000000100001000000000101100100000000001
1000000100000000000000000000000110111011
1111111111111000000000000000000100100001
1000000000000000000011111111111100111001
1000000000000000000010000000000000010001
1001111111111111111110000000000000010001
1000000000000000000000000111100000010001
1000000000000000000000000100000000000001
1111111111111111111111111111111111111111
